1 0.313 0.75 0.133 0.2
1 0.661 0.546 0.094 0.164
1 0.74 0.674 0.13 0.2
1 0.807 0.319 0.059 0.1
1 0.781 0.233 0.06 0.095
1 0.658 0.269 0.046 0.086
1 0.645 0.19 0.046 0.076
1 0.346 0.037 0.019 0.031
1 0.521 0.035 0.019 0.036
1 0.584 0.032 0.019 0.036
1 0.322 0.037 0.019 0.036
1 0.11 0.049 0.021 0.036
1 0.163 0.065 0.019 0.031
0 0.073 0.281 0.041 0.076
0 0.094 0.188 0.033 0.057
0 0.17 0.104 0.019 0.045
0 0.21 0.067 0.017 0.033
0 0.08 0.042 0.021 0.036
0 0.039 0.035 0.027 0.04
0 0.417 0.03 0.019 0.036
0 0.39 0.154 0.032 0.05
0 0.635 0.03 0.019 0.031
0 0.73 0.16 0.038 0.081
0 0.767 0.095 0.029 0.062
1 0.623 0.274 0.043 0.09
0 0.31 0.042 0.011 0.026
