1 0.285 0.322 0.184 0.204
1 0.681 0.309 0.211 0.196
1 0.803 0.219 0.181 0.202
1 0.907 0.224 0.116 0.156
1 0.056 0.302 0.107 0.173
1 0.208 0.212 0.166 0.153
1 0.129 0.208 0.122 0.153
1 0.46 0.269 0.19 0.173
1 0.577 0.202 0.175 0.164
1 0.43 0.141 0.142 0.127
1 0.252 0.157 0.131 0.118
1 0.739 0.058 0.107 0.08
1 0.043 0.167 0.08 0.102
1 0.958 0.196 0.083 0.16
1 0.381 0.071 0.104 0.089
1 0.84 0.096 0.101 0.102
0 0.092 0.061 0.071 0.06
0 0.282 0.034 0.059 0.047
1 0.478 0.056 0.077 0.058
